precision    recall  f1-score   support

$       0.00      0.00      0.00         2
``       0.89      0.82      0.86       450
''       0.54      0.86      0.67       291
(       0.39      0.33      0.36       730
)       0.95      0.98      0.96      6660
,       0.00      0.00      0.00         0
--       0.96      0.98      0.97     31025
.       0.94      0.99      0.97     18576
:       0.98      0.88      0.93       255
CC       0.98      0.98      0.98      6809
CD       0.83      0.92      0.87      3459
DT       0.98      0.97      0.97     22515
EX       0.16      0.48      0.24       107
FW       0.00      0.00      0.00         6
IN       0.97      1.00      0.98     12245
JJ       0.96      0.96      0.96     26942
JJR       0.92      0.82      0.87     18873
JJS       0.65      0.71      0.68       666
LS       0.62      0.65      0.64       872
MD       0.89      0.97      0.93      6661
NN       0.88      0.87      0.87     45862
NNP       0.65      0.78      0.71     13256
NNPS       0.00      0.00      0.00        30
NNS       0.89      0.71      0.79     11734
PDT       0.00      0.00      0.00         0
POS       0.60      0.77      0.68       631
PRP       0.99      0.98      0.99     44906
PRP$       0.94      0.98      0.96      8833
RB       0.98      0.91      0.94     24277
RBR       0.04      0.01      0.02       134
RBS       0.29      0.89      0.44       125
RP       0.74      0.87      0.80      1996
SYM       0.99      1.00      1.00     12076
TO       0.00      0.00      0.00         5
UH       0.96      0.99      0.97      8703
VB       0.81      0.81      0.81     15621
VBD       0.90      1.00      0.95      5283
VBG       0.99      1.00      1.00     30858
VBN       0.86      0.87      0.87     23053
VBP       0.93      0.84      0.89      8353
VBZ       0.87      0.79      0.83      8491
WDT       0.86      0.59      0.70      3288
WP       0.90      0.88      0.89     24013
WP$       0.90      0.89      0.89      8518
WRB       0.06      0.16      0.09        31
USR       0.93      0.99      0.96      2494
HT       0.92      0.96      0.94      3687

avg / total       0.92      0.92      0.92    463402
